 step      Ekin           Epot            Etot        temp
=====  ============  ==============  ==============  ======
    0  0.0068371836  -74.9647058813  -74.9578686977  479.78
    1  0.0068371836  -74.9643991073  -74.9575619237  479.78
    2  0.0040199647  -74.9643430909  -74.9603231262  282.09
    3  0.0042861328  -74.9646209315  -74.9603347987  300.77
    4  0.0046437402  -74.9650038445  -74.9603601044  325.86
    5  0.0047401383  -74.9651220709  -74.9603819326  332.63
    6  0.0043571575  -74.9647428006  -74.9603856431  305.75
    7  0.0035623932  -74.9639291042  -74.9603667110  249.98
    8  0.0026632554  -74.9629931995  -74.9603299441  186.89
    9  0.0020359877  -74.9623214735  -74.9602854858  142.87
   10  0.0019482823  -74.9621934648  -74.9602451825  136.72
   11  0.0024471768  -74.9626663977  -74.9602192209  171.72
   12  0.0033341372  -74.9635464546  -74.9602123174  233.96
   13  0.0042476846  -74.9644684610  -74.9602207763  298.07
   14  0.0048302992  -74.9650634028  -74.9602331036  338.95
   15  0.0049093053  -74.9651454290  -74.9602361237  344.50
   16  0.0045975199  -74.9648222854  -74.9602247654  322.62
   17  0.0042270598  -74.9644350133  -74.9602079535  296.62
   18  0.0041199766  -74.9643223118  -74.9602023353  289.11
   19  0.0043446545  -74.9645613063  -74.9602166519  304.87
   20  0.0046623146  -74.9649050699  -74.9602427553  327.17
   21  0.0047206789  -74.9649837628  -74.9602630840  331.26
   22  0.0043253725  -74.9645898080  -74.9602644355  303.52
   23  0.0035723229  -74.9638165824  -74.9602442594  250.68
   24  0.0027797511  -74.9629884559  -74.9602087048  195.06
   25  0.0023098654  -74.9624783540  -74.9601684887  162.09
   26  0.0023969909  -74.9625325268  -74.9601355358  168.20
   27  0.0030440823  -74.9631637681  -74.9601196858  213.61
   28  0.0040107552  -74.9641354953  -74.9601247402  281.44
   29  0.0049076196  -74.9650529360  -74.9601453164  344.38
   30  0.0053714229  -74.9655390222  -74.9601675993  376.92
   31  0.0052541994  -74.9654307589  -74.9601765595  368.70
   32  0.0047219857  -74.9648893734  -74.9601673877  331.35
   33  0.0041637009  -74.9643150261  -74.9601513252  292.18
   34  0.0039253481  -74.9640717738  -74.9601464257  275.45
   35  0.0040566321  -74.9642164361  -74.9601598041  284.66
   36  0.0042903718  -74.9644713942  -74.9601810224  301.06
   37  0.0042743720  -74.9644671699  -74.9601927979  299.94
   38  0.0038440640  -74.9640284281  -74.9601843641  269.75
   39  0.0031260643  -74.9632816156  -74.9601555514  219.36
   40  0.0024456112  -74.9625594915  -74.9601138803  171.61
   41  0.0021443477  -74.9622150118  -74.9600706641  150.47
   42  0.0024177099  -74.9624556018  -74.9600378919  169.66
   43  0.0032224404  -74.9632472379  -74.9600247975  226.13
   44  0.0042797677  -74.9643135671  -74.9600337994  300.32
   45  0.0051856552  -74.9652433994  -74.9600577442  363.89
   46  0.0055935820  -74.9656752055  -74.9600816235  392.51
   47  0.0053974331  -74.9654882144  -74.9600907813  378.75
   48  0.0048071121  -74.9648892678  -74.9600821557  337.33
   49  0.0042290740  -74.9642972810  -74.9600682070  296.76
   50  0.0039926132  -74.9640585818  -74.9600659686  280.17
   51  0.0041216349  -74.9642020259  -74.9600803910  289.22
   52  0.0043481338  -74.9644486724  -74.9601005387  305.12
   53  0.0043496051  -74.9644606197  -74.9601110147  305.22
   54  0.0039945345  -74.9640980327  -74.9601034982  280.31
   55  0.0034164833  -74.9634956936  -74.9600792104  239.74
   56  0.0029139031  -74.9629597229  -74.9600458198  204.48
   57  0.0027798223  -74.9627938108  -74.9600139885  195.07
   58  0.0031562031  -74.9631506885  -74.9599944854  221.48
   59  0.0039592728  -74.9639540466  -74.9599947738  277.83
   60  0.0048985654  -74.9649137133  -74.9600151479  343.74
   61  0.0055923443  -74.9656389196  -74.9600465753  392.43
   62  0.0057457181  -74.9658191797  -74.9600734616  403.19
   63  0.0053153857  -74.9653979784  -74.9600825928  372.99
   64  0.0045532742  -74.9646265240  -74.9600732498  319.51
   65  0.0038616691  -74.9639198997  -74.9600582307  270.98
   66  0.0035318212  -74.9635837595  -74.9600519382  247.84
   67  0.0035631651  -74.9636202975  -74.9600571324  250.04
   68  0.0037091316  -74.9637734644  -74.9600643329  260.28
   69  0.0036955947  -74.9637573958  -74.9600618011  259.33
   70  0.0034219683  -74.9634659050  -74.9600439367  240.13
   71  0.0030116139  -74.9630244590  -74.9600128450  211.33
   72  0.0027202843  -74.9626963637  -74.9599760794  190.89
   73  0.0027879861  -74.9627318006  -74.9599438145  195.64
   74  0.0033112839  -74.9632372217  -74.9599259377  232.36
   75  0.0041805457  -74.9641090920  -74.9599285462  293.36
   76  0.0051071777  -74.9650576208  -74.9599504431  358.38
   77  0.0057393736  -74.9657211887  -74.9599818151  402.74
   78  0.0058288232  -74.9658365745  -74.9600077513  409.02
   79  0.0053720973  -74.9653889487  -74.9600168514  376.97
   80  0.0046302361  -74.9646398063  -74.9600095702  324.91
   81  0.0039810403  -74.9639787030  -74.9599976627  279.36
   82  0.0036854144  -74.9636787537  -74.9599933394  258.61
   83  0.0037411754  -74.9637400138  -74.9599988384  262.53
   84  0.0039333747  -74.9639401254  -74.9600067507  276.01
   85  0.0040214351  -74.9640295256  -74.9600080905  282.19
   86  0.0039057725  -74.9639043669  -74.9599985944  274.08
   87  0.0036706771  -74.9636506041  -74.9599799270  257.58
   88  0.0035114555  -74.9634695522  -74.9599580967  246.41
   89  0.0036126851  -74.9635539016  -74.9599412165  253.51
   90  0.0040417069  -74.9639786087  -74.9599369018  283.62
   91  0.0046981907  -74.9646473840  -74.9599491933  329.68
   92  0.0053403027  -74.9653160688  -74.9599757661  374.74
   93  0.0056845038  -74.9656918138  -74.9600073100  398.89
   94  0.0055442977  -74.9655752892  -74.9600309915  389.06
   95  0.0049408309  -74.9649783014  -74.9600374705  346.71
   96  0.0041101608  -74.9641370646  -74.9600269039  288.42
   97  0.0033814354  -74.9633896729  -74.9600082375  237.28
   98  0.0029942357  -74.9629859406  -74.9599917049  210.11
   99  0.0029794002  -74.9629608409  -74.9599814407  209.07
  100  0.0031807947  -74.9631551400  -74.9599743453  223.20
  101  0.0033886295  -74.9633531104  -74.9599644809  237.79
  102  0.0034810267  -74.9634291608  -74.9599481341  244.27
  103  0.0034837637  -74.9634099497  -74.9599261860  244.46
  104  0.0035301667  -74.9634338142  -74.9599036476  247.72
  105  0.0037628420  -74.9636504476  -74.9598876057  264.05
  106  0.0042359181  -74.9641204238  -74.9598845057  297.24
  107  0.0048641723  -74.9647614449  -74.9598972726  341.33
  108  0.0054427479  -74.9653658426  -74.9599230946  381.93
  109  0.0057337042  -74.9656870135  -74.9599533093  402.35
  110  0.0055854401  -74.9655620373  -74.9599765972  391.94
  111  0.0050257755  -74.9650105099  -74.9599847344  352.67
  112  0.0042681679  -74.9642454977  -74.9599773297  299.51
  113  0.0036122943  -74.9635739547  -74.9599616604  253.48
  114  0.0032906522  -74.9632380450  -74.9599473928  230.91
  115  0.0033553777  -74.9632957605  -74.9599403828  235.45
  116  0.0036740400  -74.9636141172  -74.9599400773  257.82
  117  0.0040309367  -74.9639725585  -74.9599416218  282.86
  118  0.0042615357  -74.9642018266  -74.9599402910  299.04
  119  0.0043334197  -74.9642681791  -74.9599347594  304.09
  120  0.0043356746  -74.9642632743  -74.9599275998  304.24
  121  0.0044001689  -74.9643239134  -74.9599237445  308.77
  122  0.0046082618  -74.9645364070  -74.9599281452  323.37
  123  0.0049310576  -74.9648743865  -74.9599433289  346.02
  124  0.0052292596  -74.9651967108  -74.9599674512  366.95
  125  0.0053138071  -74.9653075652  -74.9599937581  372.88
  126  0.0050439443  -74.9650564034  -74.9600124591  353.94
  127  0.0044183686  -74.9644334041  -74.9600150355  310.05
  128  0.0036073106  -74.9636064316  -74.9599991210  253.13
  129  0.0028929773  -74.9628636196  -74.9599706423  203.01
  130  0.0025359228  -74.9624767344  -74.9599408116  177.95
  131  0.0026394299  -74.9625586962  -74.9599192664  185.21
  132  0.0030981409  -74.9630066326  -74.9599084917  217.40
  133  0.0036719567  -74.9635761608  -74.9599042042  257.67
  134  0.0041354833  -74.9640360610  -74.9599005777  290.20
  135  0.0043943354  -74.9642892327  -74.9598948974  308.36
  136  0.0045007309  -74.9643893217  -74.9598885908  315.83
  137  0.0045821974  -74.9644678138  -74.9598856164  321.54
  138  0.0047427303  -74.9646328639  -74.9598901336  332.81
  139  0.0049922148  -74.9648965717  -74.9599043569  350.31
  140  0.0052333792  -74.9651602686  -74.9599268894  367.24
  141  0.0053084954  -74.9652605637  -74.9599520683  372.51
  142  0.0050862012  -74.9650573492  -74.9599711480  356.91
  143  0.0045512468  -74.9645270450  -74.9599757982  319.37
  144  0.0038495027  -74.9638124874  -74.9599629846  270.13
  145  0.0032479877  -74.9631862680  -74.9599382802  227.92
  146  0.0030086690  -74.9629225953  -74.9599139263  211.13
  147  0.0032380745  -74.9631392906  -74.9599012160  227.22
  148  0.0038152579  -74.9637183076  -74.9599030497  267.73
  149  0.0044638215  -74.9643775381  -74.9599137166  313.24
  150  0.0049197838  -74.9648449212  -74.9599251374  345.23
  151  0.0050692225  -74.9650017689  -74.9599325463  355.72
  152  0.0049733892  -74.9649092683  -74.9599358791  348.99
  153  0.0047937795  -74.9647320218  -74.9599382423  336.39
  154  0.0046820333  -74.9646257550  -74.9599437217  328.55
  155  0.0046947843  -74.9646500976  -74.9599553133  329.44
  156  0.0047657909  -74.9647387083  -74.9599729174  334.43
  157  0.0047426091  -74.9647345499  -74.9599919408  332.80
  158  0.0044751042  -74.9644788906  -74.9600037865  314.03
  159  0.0039212621  -74.9639206838  -74.9599994217  275.16
  160  0.0032143259  -74.9631896922  -74.9599753663  225.56
  161  0.0026338894  -74.9625721128  -74.9599382234  184.83
  162  0.0024684477  -74.9623710570  -74.9599026093  173.22
  163  0.0028386132  -74.9627206331  -74.9598820199  199.19
  164  0.0036043740  -74.9634843880  -74.9598800140  252.93
  165  0.0044423695  -74.9643324034  -74.9598900338  311.73
  166  0.0050390816  -74.9649416634  -74.9599025818  353.60
  167  0.0052510953  -74.9651627044  -74.9599116092  368.48
  168  0.0051386452  -74.9650547257  -74.9599160805  360.59
  169  0.0048863420  -74.9648048097  -74.9599184677  342.89
  170  0.0046824300  -74.9646050862  -74.9599226561  328.58
  171  0.0046220246  -74.9645539832  -74.9599319586  324.34
  172  0.0046689706  -74.9646160571  -74.9599470866  327.63
  173  0.0046850041  -74.9646494715  -74.9599644674  328.76
  174  0.0045157379  -74.9644920602  -74.9599763222  316.88
  175  0.0041008739  -74.9640748651  -74.9599739911  287.77
  176  0.0035505310  -74.9635046947  -74.9599541637  249.15
  177  0.0031229832  -74.9630468175  -74.9599238344  219.15
  178  0.0030853776  -74.9629832910  -74.9598979134  216.51
  179  0.0035324719  -74.9634216547  -74.9598891828  247.88
  180  0.0043009181  -74.9642004308  -74.9598995127  301.81
  181  0.0050602532  -74.9649810474  -74.9599207943  355.09
  182  0.0055094878  -74.9654521352  -74.9599426474  386.61
  183  0.0055292929  -74.9654877266  -74.9599584337  388.00
  184  0.0052061084  -74.9651726418  -74.9599665334  365.32
  185  0.0047488301  -74.9647179058  -74.9599690757  333.24
  186  0.0043674230  -74.9643375863  -74.9599701633  306.47
  187  0.0041744307  -74.9641482883  -74.9599738576  292.93
  188  0.0041431980  -74.9641250070  -74.9599818090  290.74
  189  0.0041346520  -74.9641258546  -74.9599912026  290.14
  190  0.0039856916  -74.9639803845  -74.9599946929  279.68
  191  0.0036258657  -74.9636098479  -74.9599839822  254.44
  192  0.0031589310  -74.9631153428  -74.9599564117  221.67
  193  0.0028398736  -74.9627597546  -74.9599198809  199.28
  194  0.0029298863  -74.9628199443  -74.9598900580  205.60
  195  0.0035094108  -74.9633894065  -74.9598799956  246.26
  196  0.0043921150  -74.9642833653  -74.9598912503  308.20
  197  0.0052226954  -74.9651375417  -74.9599148463  366.49
  198  0.0056831200  -74.9656222993  -74.9599391793  398.80
  199  0.0056529135  -74.9656093617  -74.9599564482  396.68
  200  0.0052357111  -74.9652000518  -74.9599643407  367.40
  201  0.0046710690  -74.9646359565  -74.9599648875  327.78
  202  0.0042036551  -74.9641662437  -74.9599625886  294.98
  203  0.0039753014  -74.9639375806  -74.9599622792  278.96
  204  0.0039765217  -74.9639431601  -74.9599666384  279.04
  205  0.0040698473  -74.9640438374  -74.9599739901  285.59
  206  0.0040778635  -74.9640558982  -74.9599780348  286.15
  207  0.0039019510  -74.9638731401  -74.9599711891  273.81
  208  0.0036076553  -74.9635585147  -74.9599508594  253.16
  209  0.0034084475  -74.9633324032  -74.9599239557  239.18
  210  0.0035328252  -74.9634369733  -74.9599041482  247.91
  211  0.0040535020  -74.9639561183  -74.9599026163  284.44
  212  0.0048087840  -74.9647292908  -74.9599205068  337.44
  213  0.0054841341  -74.9654336828  -74.9599495487  384.83
  214  0.0057914618  -74.9657697794  -74.9599783176  406.40
  215  0.0056185064  -74.9656166253  -74.9599981189  394.26
  216  0.0050660759  -74.9650716963  -74.9600056204  355.50
  217  0.0043760306  -74.9643786276  -74.9600025970  307.08
  218  0.0038066763  -74.9638008475  -74.9599941712  267.12
  219  0.0035193381  -74.9635056480  -74.9599863099  246.96
  220  0.0035196032  -74.9635025459  -74.9599829427  246.98
  221  0.0036724355  -74.9636559217  -74.9599834862  257.70
  222  0.0037878663  -74.9637702842  -74.9599824180  265.80
  223  0.0037435513  -74.9637160520  -74.9599725007  262.69
  224  0.0035778540  -74.9635288209  -74.9599509670  251.07
  225  0.0034824492  -74.9634066417  -74.9599241926  244.37
  226  0.0036754684  -74.9635809193  -74.9599054508  257.92
  227  0.0042292598  -74.9641352170  -74.9599059572  296.78
  228  0.0049834959  -74.9649102919  -74.9599267960  349.70
  229  0.0056209092  -74.9655796917  -74.9599587825  394.43
  230  0.0058515021  -74.9658405723  -74.9599890702  410.61
  231  0.0055724832  -74.9655805553  -74.9600080721  391.03
  232  0.0049091162  -74.9649216377  -74.9600125215  344.48
  233  0.0041351829  -74.9641401148  -74.9600049319  290.17
  234  0.0035366883  -74.9635280972  -74.9599914089  248.18
  235  0.0032903085  -74.9632692867  -74.9599789783  230.89
  236  0.0034015757  -74.9633742800  -74.9599727043  238.70
  237  0.0037193370  -74.9636924794  -74.9599731424  260.99
  238  0.0040218969  -74.9639974883  -74.9599755914  282.23
  239  0.0041425346  -74.9641152157  -74.9599726811  290.69
  240  0.0040723723  -74.9640323500  -74.9599599777  285.77
  241  0.0039726749  -74.9639138053  -74.9599411304  278.77
  242  0.0040687574  -74.9639963380  -74.9599275807  285.51
  243  0.0044782808  -74.9644094726  -74.9599311918  314.25
  244  0.0050940828  -74.9650490421  -74.9599549594  357.46
  245  0.0056229602  -74.9656130659  -74.9599901058  394.58
  246  0.0057637580  -74.9657859616  -74.9600222036  404.46
  247  0.0053935685  -74.9654336279  -74.9600400594  378.48
  248  0.0046352796  -74.9646754621  -74.9600401825  325.27
  249  0.0037825054  -74.9638085687  -74.9600260633  265.43
  250  0.0031497066  -74.9631549594  -74.9600052527  221.02
  251  0.0029340247  -74.9629202475  -74.9599862228  205.89
  252  0.0031426971  -74.9631179585  -74.9599752614  220.53
  253  0.0036042779  -74.9635779619  -74.9599736840  252.92
  254  0.0040604379  -74.9640372253  -74.9599767873  284.93
  255  0.0043048584  -74.9642811852  -74.9599763268  302.08
  256  0.0043021363  -74.9642686834  -74.9599665471  301.89
  257  0.0042108516  -74.9641611193  -74.9599502677  295.48
  258  0.0042739056  -74.9642130927  -74.9599391871  299.91
  259  0.0046288845  -74.9645746337  -74.9599457492  324.82
  260  0.0051746974  -74.9651470949  -74.9599723975  363.12
  261  0.0056134854  -74.9656221888  -74.9600087033  393.91
  262  0.0056468361  -74.9656859291  -74.9600390931  396.25
  263  0.0051730386  -74.9652257218  -74.9600526832  363.00
  264  0.0043470143  -74.9643942608  -74.9600472465  305.04
  265  0.0034886949  -74.9635163139  -74.9600276190  244.81
  266  0.0029220859  -74.9629245315  -74.9600024457  205.05
  267  0.0028356558  -74.9628167758  -74.9599811200  198.98
  268  0.0032125461  -74.9631832667  -74.9599707206  225.43
  269  0.0038449862  -74.9638179522  -74.9599729660  269.81
  270  0.0044319873  -74.9644146174  -74.9599826302  311.00
  271  0.0047293719  -74.9647190013  -74.9599896294  331.87
  272  0.0046862200  -74.9646719122  -74.9599856923  328.84
  273  0.0044827781  -74.9644551652  -74.9599723871  314.57
  274  0.0044131886  -74.9643759611  -74.9599627725  309.68
  275  0.0046605780  -74.9646320675  -74.9599714895  327.04
  276  0.0051310344  -74.9651319035  -74.9600008691  360.06
  277  0.0055017081  -74.9655398473  -74.9600381392  386.07
  278  0.0054538292  -74.9655198913  -74.9600660621  382.71
  279  0.0048948483  -74.9649690465  -74.9600741982  343.48
  280  0.0040112428  -74.9640731835  -74.9600619408  281.48
  281  0.0031538765  -74.9631896481  -74.9600357716  221.31
  282  0.0026596674  -74.9626653122  -74.9600056449  186.63
  283  0.0027067355  -74.9626886529  -74.9599819174  189.94
  284  0.0032469344  -74.9632190475  -74.9599721131  227.84
  285  0.0040287787  -74.9640063374  -74.9599775588  282.71
  286  0.0047108404  -74.9647025707  -74.9599917302  330.57
  287  0.0050285445  -74.9650314291  -74.9600028847  352.86
  288  0.0049399322  -74.9649417512  -74.9600018191  346.65
  289  0.0046564726  -74.9646470670  -74.9599905945  326.76
  290  0.0045025292  -74.9644858267  -74.9599832976  315.95
  291  0.0046695543  -74.9646638543  -74.9599943000  327.67
  292  0.0050537484  -74.9650778816  -74.9600241333  354.63
  293  0.0053288766  -74.9653875497  -74.9600586732  373.94
  294  0.0051959349  -74.9652771871  -74.9600812522  364.61
  295  0.0045960986  -74.9646793543  -74.9600832558  322.52
  296  0.0037409738  -74.9638067799  -74.9600658061  262.51
  297  0.0029833990  -74.9630198648  -74.9600364658  209.35
  298  0.0026395893  -74.9626453440  -74.9600057547  185.23
  299  0.0028526536  -74.9628368838  -74.9599842302  200.18
  300  0.0035337774  -74.9635129017  -74.9599791244  247.97
  301  0.0043954962  -74.9643862280  -74.9599907318  308.44
  302  0.0050767417  -74.9650875220  -74.9600107804  356.25
  303  0.0053196766  -74.9653455135  -74.9600258369  373.29
  304  0.0051172588  -74.9651437477  -74.9600264889  359.09
  305  0.0047267092  -74.9647432609  -74.9600165517  331.68
  306  0.0044965052  -74.9645082267  -74.9600117215  315.53
  307  0.0046033650  -74.9646285575  -74.9600251925  323.03
  308  0.0049129106  -74.9649674841  -74.9600545735  344.75
  309  0.0050930992  -74.9651777148  -74.9600846156  357.39
  310  0.0048758692  -74.9649761100  -74.9601002408  342.15
  311  0.0042453007  -74.9643404752  -74.9600951745  297.90
  312  0.0034376391  -74.9635097916  -74.9600721525  241.23
  313  0.0028006339  -74.9628402440  -74.9600396101  196.53
  314  0.0026215008  -74.9626300289  -74.9600085281  183.96
  315  0.0030013088  -74.9629907737  -74.9599894649  210.61
  316  0.0038071543  -74.9637960683  -74.9599889140  267.16
  317  0.0047195807  -74.9647252558  -74.9600056751  331.18
  318  0.0053703695  -74.9654001689  -74.9600297994  376.85
  319  0.0055236177  -74.9655706554  -74.9600470377  387.60
  320  0.0052126355  -74.9652612942  -74.9600486587  365.78
  321  0.0047287718  -74.9647685645  -74.9600397927  331.83
  322  0.0044273344  -74.9644634945  -74.9600361601  310.68
  323  0.0044694604  -74.9645186693  -74.9600492089  313.63
  324  0.0047112258  -74.9647863190  -74.9600750933  330.60
  325  0.0048376488  -74.9649369262  -74.9600992774  339.47
  326  0.0046144253  -74.9647233554  -74.9601089301  323.80
  327  0.0040486824  -74.9641484839  -74.9600998015  284.11
  328  0.0033711234  -74.9634467221  -74.9600755987  236.56
  329  0.0028975879  -74.9629424317  -74.9600448438  203.33
  330  0.0028711203  -74.9628891543  -74.9600180340  201.47
  331  0.0033511994  -74.9633559591  -74.9600047598  235.16
  332  0.0041793028  -74.9641894176  -74.9600101148  293.27
  333  0.0050362747  -74.9650677041  -74.9600314294  353.41
  334  0.0055811102  -74.9656391143  -74.9600580040  391.64
  335  0.0056209069  -74.9656972364  -74.9600763295  394.43
  336  0.0052235200  -74.9653030132  -74.9600794932  366.55
  337  0.0046813076  -74.9647546267  -74.9600733191  328.50
  338  0.0043176252  -74.9643889696  -74.9600713444  302.98
  339  0.0042652114  -74.9643470960  -74.9600818845  299.30
  340  0.0043939497  -74.9644947033  -74.9601007536  308.33
  341  0.0044410898  -74.9645572877  -74.9601161979  311.64
  342  0.0042215733  -74.9643399589  -74.9601183855  296.24
  343  0.0037544424  -74.9638589274  -74.9601044850  263.46
  344  0.0032429903  -74.9633214389  -74.9600784487  227.57
  345  0.0029552894  -74.9630039408  -74.9600486514  207.38
  346  0.0030855614  -74.9631107299  -74.9600251685  216.52
  347  0.0036553565  -74.9636719962  -74.9600166396  256.50
  348  0.0044880158  -74.9645146879  -74.9600266721  314.93
  349  0.0052722497  -74.9653233525  -74.9600511028  369.97
  350  0.0056996457  -74.9657782546  -74.9600786089  399.96
  351  0.0056219454  -74.9657183913  -74.9600964460  394.50
  352  0.0051410586  -74.9652401965  -74.9600991379  360.76
  353  0.0045542695  -74.9646471725  -74.9600929029  319.58
  354  0.0041653777  -74.9642553165  -74.9600899387  292.29
  355  0.0040907550  -74.9641879065  -74.9600971515  287.06
  356  0.0042099138  -74.9643208490  -74.9601109352  295.42
  357  0.0042886803  -74.9644105117  -74.9601218313  300.95
  358  0.0041613304  -74.9642834384  -74.9601221080  292.01
  359  0.0038366861  -74.9639463870  -74.9601097008  269.23
  360  0.0034808110  -74.9635689529  -74.9600881419  244.26
  361  0.0033153288  -74.9633800653  -74.9600647365  232.64
  362  0.0034977689  -74.9635459418  -74.9600481729  245.45
  363  0.0040360072  -74.9640816427  -74.9600456356  283.22
  364  0.0047681981  -74.9648278634  -74.9600596653  334.60
  365  0.0054204124  -74.9655064175  -74.9600860051  380.36
  366  0.0057263173  -74.9658407442  -74.9601144269  401.83
  367  0.0055604846  -74.9656941037  -74.9601336191  390.19
  368  0.0050130926  -74.9651511417  -74.9601380491  351.78
  369  0.0043470239  -74.9644785383  -74.9601315143  305.04
  370  0.0038473196  -74.9639708472  -74.9601235277  269.97
  371  0.0036577426  -74.9637790616  -74.9601213191  256.67
  372  0.0037179987  -74.9638426717  -74.9601246730  260.90
  373  0.0038396185  -74.9639670775  -74.9601274590  269.43
  374  0.0038543049  -74.9639774708  -74.9601231659  270.47
  375  0.0037257227  -74.9638351284  -74.9601094057  261.44
  376  0.0035607415  -74.9636497667  -74.9600890252  249.87
  377  0.0035324293  -74.9636010364  -74.9600686072  247.88
  378  0.0037713015  -74.9638271630  -74.9600558614  264.64
  379  0.0042819580  -74.9643386502  -74.9600566922  300.47
  380  0.0049220538  -74.9649945064  -74.9600724526  345.39
  381  0.0054548762  -74.9655533237  -74.9600984475  382.78
  382  0.0056570988  -74.9657822403  -74.9601251415  396.97
  383  0.0054343964  -74.9655769725  -74.9601425761  381.34
  384  0.0048817942  -74.9650277898  -74.9601459956  342.57
  385  0.0042431056  -74.9643817085  -74.9601386029  297.75
  386  0.0037814964  -74.9639103753  -74.9601288789  265.36
  387  0.0036375204  -74.9637618083  -74.9601242879  255.25
  388  0.0037658127  -74.9638921423  -74.9601263296  264.26
  389  0.0039895506  -74.9641201433  -74.9601305927  279.96
  390  0.0041298810  -74.9642609021  -74.9601310211  289.80
  391  0.0041184017  -74.9642428685  -74.9601244667  289.00
  392  0.0040244343  -74.9641368868  -74.9601124525  282.40
  393  0.0039954967  -74.9640956305  -74.9601001338  280.37
  394  0.0041585938  -74.9642525837  -74.9600939899  291.82
  395  0.0045376453  -74.9646368566  -74.9600992113  318.42
  396  0.0050241484  -74.9651413776  -74.9601172292  352.56
  397  0.0054139207  -74.9655580511  -74.9601441303  379.91
  398  0.0054981868  -74.9656692836  -74.9601710968  385.82
  399  0.0051731353  -74.9653608781  -74.9601877429  363.01
  400  0.0045139526  -74.9647015042  -74.9601875516  316.75
  401  0.0037616574  -74.9639339130  -74.9601722557  263.96
  402  0.0032102187  -74.9633614414  -74.9601512227  225.27
  403  0.0030489595  -74.9631840237  -74.9601350642  213.95
  404  0.0032613676  -74.9633896384  -74.9601282708  228.86
  405  0.0036542723  -74.9637816842  -74.9601274119  256.43
  406  0.0039967292  -74.9641225733  -74.9601258441  280.46
  407  0.0041624183  -74.9642818999  -74.9601194815  292.09
  408  0.0041806683  -74.9642896760  -74.9601090077  293.37
  409  0.0041846272  -74.9642833320  -74.9600987047  293.64
  410  0.0043097459  -74.9644038202  -74.9600940743  302.42
  411  0.0046052635  -74.9647047479  -74.9600994844  323.16
  412  0.0049980081  -74.9651141251  -74.9601161170  350.72
  413  0.0053199757  -74.9654605824  -74.9601406067  373.31
  414  0.0053879319  -74.9655531860  -74.9601652542  378.08
  415  0.0051035438  -74.9652842153  -74.9601806714  358.13
  416  0.0045271618  -74.9647077234  -74.9601805616  317.68
  417  0.0038762797  -74.9640425739  -74.9601662942  272.01
  418  0.0034280261  -74.9635752278  -74.9601472017  240.55
  419  0.0033666889  -74.9635012746  -74.9601345858  236.25
  420  0.0036738835  -74.9638075400  -74.9601336565  257.80
  421  0.0041475617  -74.9642884834  -74.9601409217  291.04
  422  0.0045402051  -74.9646891484  -74.9601489433  318.60
  423  0.0047084465  -74.9648610096  -74.9601525630  330.40
  424  0.0046719595  -74.9648233352  -74.9601513757  327.84
  425  0.0045657336  -74.9647144361  -74.9601487024  320.39
  426  0.0045383613  -74.9646877493  -74.9601493880  318.47
  427  0.0046593959  -74.9648169805  -74.9601575846  326.96
  428  0.0048759817  -74.9650505957  -74.9601746140  342.16
  429  0.0050333893  -74.9652306146  -74.9601972254  353.20
  430  0.0049531081  -74.9651705273  -74.9602174192  347.57
  431  0.0045401161  -74.9647653328  -74.9602252167  318.59
  432  0.0038674289  -74.9640817553  -74.9602143265  271.39
  433  0.0031769646  -74.9633645010  -74.9601875363  222.93
  434  0.0027688570  -74.9629254585  -74.9601566015  194.30
  435  0.0028293555  -74.9629641311  -74.9601347756  198.54
  436  0.0033122515  -74.9634400223  -74.9601277708  232.43
  437  0.0039689098  -74.9641004685  -74.9601315587  278.51
  438  0.0045087186  -74.9646466760  -74.9601379574  316.39
  439  0.0047637638  -74.9649048750  -74.9601411112  334.28
  440  0.0047501620  -74.9648900399  -74.9601398779  333.33
  441  0.0046160232  -74.9647528604  -74.9601368372  323.92
  442  0.0045339004  -74.9646702086  -74.9601363081  318.15
  443  0.0046023607  -74.9647447200  -74.9601423592  322.96
  444  0.0047964389  -74.9649532068  -74.9601567679  336.58
  445  0.0049813727  -74.9651585613  -74.9601771886  349.55
  446  0.0049847368  -74.9651814087  -74.9601966719  349.79
  447  0.0047014339  -74.9649074553  -74.9602060214  329.91
  448  0.0041816928  -74.9643809378  -74.9601992450  293.44
  449  0.0036398994  -74.9638189371  -74.9601790377  255.42
  450  0.0033517001  -74.9635085004  -74.9601568003  235.20
  451  0.0034860095  -74.9636311533  -74.9601451438  244.62
  452  0.0039890993  -74.9641380668  -74.9601489675  279.92
  453  0.0046161193  -74.9647797913  -74.9601636720  323.92
  454  0.0050863197  -74.9652670885  -74.9601807688  356.92
  455  0.0052391082  -74.9654330413  -74.9601939332  367.64
  456  0.0050919293  -74.9652930839  -74.9602011545  357.31
  457  0.0047923136  -74.9649963065  -74.9602039929  336.29
  458  0.0045170489  -74.9647230507  -74.9602060018  316.97
  459  0.0043773800  -74.9645882842  -74.9602109043  307.17
  460  0.0043682994  -74.9645887933  -74.9602204939  306.53
  461  0.0043784296  -74.9646111417  -74.9602327122  307.24
  462  0.0042583168  -74.9644995465  -74.9602412297  298.82
  463  0.0039217810  -74.9641597953  -74.9602380143  275.20
  464  0.0034284104  -74.9636471560  -74.9602187456  240.58
  465  0.0029855213  -74.9631731976  -74.9601876763  209.50
  466  0.0028434732  -74.9630003340  -74.9601568608  199.53
  467  0.0031362700  -74.9632749148  -74.9601386448  220.08
  468  0.0037794155  -74.9639169486  -74.9601375331  265.21
  469  0.0045104957  -74.9646593090  -74.9601488133  316.51
  470  0.0050437841  -74.9652075713  -74.9601637873  353.93
  471  0.0052213646  -74.9653968675  -74.9601755029  366.39
  472  0.0050691417  -74.9652503373  -74.9601811956  355.71
  473  0.0047495484  -74.9649315373  -74.9601819889  333.29
  474  0.0044597622  -74.9646412388  -74.9601814766  312.95
  475  0.0043328168  -74.9645166764  -74.9601838596  304.04
  476  0.0043811090  -74.9645728511  -74.9601917421  307.43
  477  0.0045006904  -74.9647047698  -74.9602040794  315.82
  478  0.0045355644  -74.9647511164  -74.9602155520  318.27
  479  0.0043777477  -74.9645965538  -74.9602188061  307.20
  480  0.0040526212  -74.9642620712  -74.9602094500  284.38
  481  0.0037294856  -74.9639201160  -74.9601906304  261.71
  482  0.0036306368  -74.9638031975  -74.9601725607  254.77
  483  0.0038854928  -74.9640515589  -74.9601660662  272.65
  484  0.0044316165  -74.9646070767  -74.9601754602  310.98
  485  0.0050394492  -74.9652362031  -74.9601967540  353.63
  486  0.0054422727  -74.9656636832  -74.9602214105  381.90
  487  0.0054778075  -74.9657191967  -74.9602413893  384.39
  488  0.0051568330  -74.9654091149  -74.9602522819  361.87
  489  0.0046358532  -74.9648898933  -74.9602540401  325.31
  490  0.0041260490  -74.9643760068  -74.9602499578  289.53
  491  0.0037914798  -74.9640361833  -74.9602447035  266.06
  492  0.0036814185  -74.9639233311  -74.9602419126  258.33
  493  0.0037217342  -74.9639637254  -74.9602419912  261.16
  494  0.0037686440  -74.9640099399  -74.9602412959  264.45
  495  0.0037032267  -74.9639371792  -74.9602339525  259.86
  496  0.0035186261  -74.9637348613  -74.9602162351  246.91
  497  0.0033421007  -74.9635329317  -74.9601908310  234.52
  498  0.0033628127  -74.9635297942  -74.9601669816  235.98
  499  0.0037001132  -74.9638553283  -74.9601552151  259.65
  500  0.0043014946  -74.9644619705  -74.9601604759  301.85
  501  0.0049501386  -74.9651293742  -74.9601792355  347.36
  502  0.0053822560  -74.9655846412  -74.9602023852  377.68
  503  0.0054323806  -74.9656531990  -74.9602208183  381.20
  504  0.0051137711  -74.9653433306  -74.9602295595  358.84
  505  0.0045966933  -74.9648254540  -74.9602287608  322.56
  506  0.0041127927  -74.9643351878  -74.9602223951  288.60
  507  0.0038442194  -74.9640602065  -74.9602159870  269.76
  508  0.0038482657  -74.9640623615  -74.9602140957  270.04
  509  0.0040441621  -74.9642622096  -74.9602180475  283.79
  510  0.0042651949  -74.9644900385  -74.9602248436  299.30
  511  0.0043555474  -74.9645839808  -74.9602284334  305.64
  512  0.0042668162  -74.9644904412  -74.9602236250  299.41
  513  0.0040977191  -74.9643084386  -74.9602107196  287.55
  514  0.0040398630  -74.9642370746  -74.9601972116  283.49
  515  0.0042471995  -74.9644411255  -74.9601939259  298.04
  516  0.0047095965  -74.9649169732  -74.9602073767  330.48
  517  0.0052282750  -74.9654627277  -74.9602344527  366.88
  518  0.0055252473  -74.9657896395  -74.9602643922  387.72
  519  0.0054119290  -74.9656978436  -74.9602859146  379.77
  520  0.0048979554  -74.9651909609  -74.9602930055  343.70
  521  0.0041780304  -74.9644641874  -74.9602861570  293.18
  522  0.0035243856  -74.9637948877  -74.9602705021  247.31
  523  0.0031572979  -74.9634103909  -74.9602530930  221.55
  524  0.0031550726  -74.9633952397  -74.9602401671  221.40
  525  0.0034326807  -74.9636672778  -74.9602345971  240.88
  526  0.0037933528  -74.9640276615  -74.9602343087  266.19
  527  0.0040350279  -74.9642681099  -74.9602330819  283.15
  528  0.0040655861  -74.9642900968  -74.9602245107  285.29
  529  0.0039631213  -74.9641707292  -74.9602076080  278.10
  530  0.0039305370  -74.9641203484  -74.9601898113  275.81
  531  0.0041514467  -74.9643346472  -74.9601832005  291.32
  532  0.0046363017  -74.9648314904  -74.9601951887  325.34
  533  0.0051825841  -74.9654044880  -74.9602219039  363.67
  534  0.0054960770  -74.9657470990  -74.9602510219  385.67
  535  0.0053826233  -74.9656531656  -74.9602705423  377.71
  536  0.0048662969  -74.9651412789  -74.9602749820  341.48
  537  0.0041667493  -74.9644326631  -74.9602659138  292.39
  538  0.0035761164  -74.9638255983  -74.9602494819  250.94
  539  0.0033195547  -74.9635530945  -74.9602335397  232.94
  540  0.0034625914  -74.9636875306  -74.9602249392  242.98
  541  0.0038918480  -74.9641186535  -74.9602268056  273.10
  542  0.0043729864  -74.9646095260  -74.9602365396  306.86
  543  0.0046686894  -74.9649150126  -74.9602463232  327.61
  544  0.0046700559  -74.9649176280  -74.9602475721  327.71
  545  0.0044698069  -74.9647078767  -74.9602380698  313.66
  546  0.0043110978  -74.9645372754  -74.9602261776  302.52
  547  0.0044140170  -74.9646398401  -74.9602258231  309.74
  548  0.0047925708  -74.9650369590  -74.9602443881  336.31
  549  0.0052185717  -74.9654941654  -74.9602755937  366.20
  550  0.0053771058  -74.9656819593  -74.9603048535  377.32
  551  0.0050854470  -74.9654053866  -74.9603199396  356.86
  552  0.0044070461  -74.9647237323  -74.9603166862  309.25
  553  0.0036048874  -74.9639032326  -74.9602983452  252.96
  554  0.0029973266  -74.9632699207  -74.9602725940  210.33
  555  0.0028103406  -74.9630589724  -74.9602486318  197.21
  556  0.0030860597  -74.9633203708  -74.9602343111  216.56
  557  0.0036695980  -74.9639026113  -74.9602330133  257.50
  558  0.0042801430  -74.9645214975  -74.9602413545  300.35
  559  0.0046479356  -74.9648979204  -74.9602499849  326.16
  560  0.0046615484  -74.9649106765  -74.9602491280  327.11
  561  0.0044417336  -74.9646786248  -74.9602368912  311.69
  562  0.0042691232  -74.9644923745  -74.9602232512  299.57
  563  0.0043806897  -74.9646037613  -74.9602230716  307.40
  564  0.0047759434  -74.9650185069  -74.9602425634  335.14
  565  0.0052020101  -74.9654754273  -74.9602734172  365.04
  566  0.0053392233  -74.9656396052  -74.9603003819  374.67
  567  0.0050274122  -74.9653397061  -74.9603122939  352.78
  568  0.0043618601  -74.9646684301  -74.9603065700  306.08
  569  0.0036244830  -74.9639121028  -74.9602876198  254.34
  570  0.0031297484  -74.9633934688  -74.9602637204  219.62
  571  0.0030795705  -74.9633238136  -74.9602442431  216.10
  572  0.0034802951  -74.9637170276  -74.9602367326  244.22
  573  0.0041411649  -74.9643847662  -74.9602436013  290.59
  574  0.0047590171  -74.9650189056  -74.9602598885  333.95
  575  0.0050663781  -74.9653411203  -74.9602747421  355.52
  576  0.0049805188  -74.9652586780  -74.9602781593  349.49
  577  0.0046613067  -74.9649310604  -74.9602697537  327.09
  578  0.0044090632  -74.9646700786  -74.9602610154  309.39
  579  0.0044438594  -74.9647096671  -74.9602658077  311.84
  580  0.0047319500  -74.9650192394  -74.9602872893  332.05
  581  0.0050118130  -74.9653271786  -74.9603153656  351.69
  582  0.0049963670  -74.9653321730  -74.9603358061  350.61
  583  0.0045767227  -74.9649164148  -74.9603396921  321.16
  584  0.0038846047  -74.9642108136  -74.9603262089  272.59
  585  0.0032072792  -74.9635080992  -74.9603008200  225.06
  586  0.0028370969  -74.9631095822  -74.9602724853  199.09
  587  0.0029381090  -74.9631890299  -74.9602509209  206.17
  588  0.0034742727  -74.9637176650  -74.9602433924  243.80
  589  0.0042198183  -74.9644710704  -74.9602512522  296.11
  590  0.0048572397  -74.9651253420  -74.9602681024  340.84
  591  0.0051329474  -74.9654152096  -74.9602822622  360.19
  592  0.0049996088  -74.9652839716  -74.9602843628  350.83
  593  0.0046508531  -74.9649264693  -74.9602756162  326.36
  594  0.0043938246  -74.9646619440  -74.9602681194  308.32
  595  0.0044261150  -74.9647002963  -74.9602741813  310.59
  596  0.0046896390  -74.9649844610  -74.9602948220  329.08
  597  0.0049265393  -74.9652461732  -74.9603196339  345.71
  598  0.0048820080  -74.9652180580  -74.9603360499  342.58
  599  0.0044818221  -74.9648189594  -74.9603371372  314.50
  600  0.0038694944  -74.9641927178  -74.9603232234  271.53
  601  0.0033150549  -74.9636150715  -74.9603000166  232.62
  602  0.0030747347  -74.9633508623  -74.9602761276  215.76
  603  0.0032728797  -74.9635333337  -74.9602604540  229.67
  604  0.0038446418  -74.9641036666  -74.9602590248  269.79
  605  0.0045582196  -74.9648300866  -74.9602718670  319.86
  606  0.0051165442  -74.9654084470  -74.9602919028  359.04
  607  0.0053033901  -74.9656115246  -74.9603081345  372.15
  608  0.0051026230  -74.9654155196  -74.9603128966  358.06
  609  0.0047081842  -74.9650163517  -74.9603081675  330.38
  610  0.0043949688  -74.9646990999  -74.9603041311  308.40
  611  0.0043286929  -74.9646386223  -74.9603099294  303.75
  612  0.0044589900  -74.9647846459  -74.9603256559  312.90
  613  0.0045773180  -74.9649203792  -74.9603430612  321.20
  614  0.0044824275  -74.9648347721  -74.9603523446  314.54
  615  0.0041217129  -74.9644697205  -74.9603480075  289.23
  616  0.0036219873  -74.9639526807  -74.9603306934  254.16
  617  0.0032144515  -74.9635205623  -74.9603061109  225.57
  618  0.0031131605  -74.9633958967  -74.9602827362  218.46
  619  0.0034085902  -74.9636775353  -74.9602689451  239.19
  620  0.0040171919  -74.9642869516  -74.9602697597  281.90
  621  0.0047088702  -74.9649929707  -74.9602841005  330.43
  622  0.0052087210  -74.9655131458  -74.9603044249  365.51
  623  0.0053331413  -74.9656535270  -74.9603203857  374.24
  624  0.0050898961  -74.9654153855  -74.9603254894  357.17
  625  0.0046720539  -74.9649939298  -74.9603218760  327.85
  626  0.0043334658  -74.9646516568  -74.9603181909  304.09
  627  0.0042247727  -74.9645466577  -74.9603218850  296.46
  628  0.0043087992  -74.9646420747  -74.9603332755  302.36
  629  0.0044117984  -74.9647579540  -74.9603461556  309.59
  630  0.0043602641  -74.9647130215  -74.9603527574  305.97
  631  0.0041003077  -74.9644487285  -74.9603484208  287.73
  632  0.0037291103  -74.9640626849  -74.9603335746  261.68
  633  0.0034363788  -74.9637495391  -74.9603131602  241.14
  634  0.0034011398  -74.9636957440  -74.9602946042  238.67
  635  0.0036979308  -74.9639830588  -74.9602851280  259.49
  636  0.0042518791  -74.9645407698  -74.9602888907  298.36
  637  0.0048623168  -74.9651671053  -74.9603047884  341.20
  638  0.0052892245  -74.9656155203  -74.9603262958  371.16
  639  0.0053674430  -74.9657118013  -74.9603443583  376.65
  640  0.0050923622  -74.9654447997  -74.9603524375  357.34
  641  0.0046238774  -74.9649744038  -74.9603505264  324.47
  642  0.0041956470  -74.9645404464  -74.9603447995  294.42
  643  0.0039788455  -74.9643215448  -74.9603426993  279.20
  644  0.0039877276  -74.9643348690  -74.9603471414  279.83
  645  0.0040912548  -74.9644457652  -74.9603545103  287.09
  646  0.0041204057  -74.9644783072  -74.9603579016  289.14
  647  0.0039910207  -74.9643433986  -74.9603523779  280.06
  648  0.0037578909  -74.9640958784  -74.9603379875  263.70
  649  0.0035752232  -74.9638946112  -74.9603193879  250.88
  650  0.0036009769  -74.9639045065  -74.9603035296  252.69
  651  0.0039037806  -74.9642006482  -74.9602968677  273.94
  652  0.0044171150  -74.9647198957  -74.9603027807  309.96
  653  0.0049598947  -74.9652797189  -74.9603198242  348.05
  654  0.0053150971  -74.9656568646  -74.9603417676  372.97
  655  0.0053328419  -74.9656928941  -74.9603600522  374.22
  656  0.0050092302  -74.9653772451  -74.9603680149  351.51
  657  0.0044961951  -74.9648608939  -74.9603646988  315.51
  658  0.0040269663  -74.9643825421  -74.9603555758  282.58
  659  0.0037895444  -74.9641384389  -74.9603488945  265.92
  660  0.0038218956  -74.9641714145  -74.9603495189  268.19
  661  0.0040017874  -74.9643570940  -74.9603553066  280.81
  662  0.0041431903  -74.9645027337  -74.9603595434  290.74
  663  0.0041279625  -74.9644846374  -74.9603566749  289.67
  664  0.0039774777  -74.9643234210  -74.9603459432  279.11
  665  0.0038261997  -74.9641573830  -74.9603311833  268.49
  666  0.0038307930  -74.9641493779  -74.9603185848  268.82
  667  0.0040752006  -74.9643893721  -74.9603141714  285.97
  668  0.0045175344  -74.9648390222  -74.9603214877  317.01
  669  0.0049984399  -74.9653381892  -74.9603397493  350.75
  670  0.0053072415  -74.9656704499  -74.9603632084  372.42
  671  0.0052817556  -74.9656645250  -74.9603827694  370.63
  672  0.0048998603  -74.9652900904  -74.9603902301  343.83
  673  0.0043113033  -74.9646948039  -74.9603835006  302.53
  674  0.0037737180  -74.9641425328  -74.9603688148  264.81
  675  0.0035112440  -74.9638678436  -74.9603565996  246.39
  676  0.0035820142  -74.9639353740  -74.9603533598  251.36
  677  0.0038542350  -74.9642114122  -74.9603571772  270.46
  678  0.0041124531  -74.9644733987  -74.9603609455  288.58
  679  0.0042077155  -74.9645666211  -74.9603589056  295.26
  680  0.0041397356  -74.9644899317  -74.9603501961  290.49
  681  0.0040315713  -74.9643698886  -74.9603383173  282.90
  682  0.0040367949  -74.9643656495  -74.9603288546  283.27
  683  0.0042433437  -74.9645705080  -74.9603271643  297.76
  684  0.0046194030  -74.9649557035  -74.9603363005  324.15
  685  0.0050193212  -74.9653745747  -74.9603552535  352.22
  686  0.0052461571  -74.9656243502  -74.9603781931  368.13
  687  0.0051494333  -74.9655453521  -74.9603959188  361.35
  688  0.0047181350  -74.9651183494  -74.9604002145  331.08
  689  0.0041148590  -74.9645043808  -74.9603895218  288.75
  690  0.0036087691  -74.9639801653  -74.9603713963  253.24
  691  0.0034243228  -74.9637819727  -74.9603576500  240.29
  692  0.0036013209  -74.9639564298  -74.9603551088  252.71
  693  0.0039771066  -74.9643382055  -74.9603610989  279.08
  694  0.0043094963  -74.9646772013  -74.9603677050  302.41
  695  0.0044383447  -74.9648071931  -74.9603688484  311.45
  696  0.0043662103  -74.9647297272  -74.9603635169  306.39
  697  0.0042253347  -74.9645802445  -74.9603549098  296.50
  698  0.0041791259  -74.9645273679  -74.9603482421  293.26
  699  0.0043237166  -74.9646723538  -74.9603486371  303.40
  700  0.0046326754  -74.9649917334  -74.9603590580  325.09
  701  0.0049623241  -74.9653406349  -74.9603783108  348.22
  702  0.0051163568  -74.9655164814  -74.9604001246  359.03
  703  0.0049491229  -74.9653640020  -74.9604148792  347.29
  704  0.0044630088  -74.9648776205  -74.9604146117  313.18
  705  0.0038385476  -74.9642374960  -74.9603989483  269.36
  706  0.0033551501  -74.9637318637  -74.9603767136  235.44
  707  0.0032312578  -74.9635912853  -74.9603600275  226.74
  708  0.0034895234  -74.9638448471  -74.9603553238  244.87
  709  0.0039514643  -74.9643113710  -74.9603599067  277.28
  710  0.0043658599  -74.9647322601  -74.9603664002  306.36
  711  0.0045654962  -74.9649345633  -74.9603690671  320.37
  712  0.0045425913  -74.9649091634  -74.9603665721  318.76
  713  0.0044174355  -74.9647787552  -74.9603613197  309.98
  714  0.0043458838  -74.9647035273  -74.9603576435  304.96
  715  0.0044258169  -74.9647857380  -74.9603599211  310.57
  716  0.0046432358  -74.9650138200  -74.9603705842  325.83
  717  0.0048758486  -74.9652640571  -74.9603882085  342.15
  718  0.0049539130  -74.9653606647  -74.9604067518  347.63
  719  0.0047578388  -74.9651753091  -74.9604174703  333.87
  720  0.0043070946  -74.9647210191  -74.9604139245  302.24
  721  0.0037799363  -74.9641772851  -74.9603973489  265.25
  722  0.0034283025  -74.9638054515  -74.9603771491  240.57
  723  0.0034261812  -74.9637905450  -74.9603643638  240.42
  724  0.0037579860  -74.9641216235  -74.9603636375  263.71
  725  0.0042354320  -74.9646069327  -74.9603715007  297.21
  726  0.0046259094  -74.9650070828  -74.9603811734  324.61
  727  0.0047875071  -74.9651751600  -74.9603876530  335.95
  728  0.0047238249  -74.9651133127  -74.9603894877  331.48
  729  0.0045495619  -74.9649377799  -74.9603882181  319.25
  730  0.0044091205  -74.9647963003  -74.9603871799  309.40
  731  0.0043958021  -74.9647858635  -74.9603900613  308.46
  732  0.0045040168  -74.9649030376  -74.9603990208  316.06
  733  0.0046312771  -74.9650440745  -74.9604127974  324.99
  734  0.0046321404  -74.9650581596  -74.9604260193  325.05
  735  0.0044060323  -74.9648371234  -74.9604310911  309.18
  736  0.0039763431  -74.9643990758  -74.9604227327  279.03
  737  0.0035062700  -74.9639087748  -74.9604025048  246.04
  738  0.0032225186  -74.9636015567  -74.9603790381  226.13
  739  0.0032822192  -74.9636448105  -74.9603625913  230.32
  740  0.0036725596  -74.9640309202  -74.9603583607  257.71
  741  0.0042180142  -74.9645824227  -74.9603644085  295.99
  742  0.0046877990  -74.9650626237  -74.9603748247  328.95
  743  0.0049216268  -74.9653056584  -74.9603840316  345.36
  744  0.0048953426  -74.9652845186  -74.9603891760  343.52
  745  0.0047050542  -74.9650955450  -74.9603904908  330.16
  746  0.0044969566  -74.9648874511  -74.9603904945  315.56
  747  0.0043862481  -74.9647787685  -74.9603925204  307.79
  748  0.0044018156  -74.9648006487  -74.9603988332  308.89
  749  0.0044782416  -74.9648871243  -74.9604088827  314.25
  750  0.0044988341  -74.9649175633  -74.9604187292  315.69
  751  0.0043717111  -74.9647943910  -74.9604226799  306.77
  752  0.0040992859  -74.9645162005  -74.9604169146  287.66
  753  0.0037949706  -74.9641977415  -74.9604027709  266.30
  754  0.0036264319  -74.9640131153  -74.9603866834  254.47
  755  0.0037153823  -74.9640917635  -74.9603763812  260.72
  756  0.0040593261  -74.9644358032  -74.9603764771  284.85
  757  0.0045266918  -74.9649132340  -74.9603865422  317.65
  758  0.0049256538  -74.9653277200  -74.9604020662  345.64
  759  0.0051017791  -74.9655188516  -74.9604170725  358.00
  760  0.0050092167  -74.9654362186  -74.9604270018  351.51
  761  0.0047212873  -74.9651517975  -74.9604305103  331.30
  762  0.0043816904  -74.9648111336  -74.9604294432  307.47
  763  0.0041269055  -74.9645542589  -74.9604273533  289.59
  764  0.0040199688  -74.9644473387  -74.9604273699  282.09
  765  0.0040262145  -74.9644564388  -74.9604302243  282.53
  766  0.0040420053  -74.9644753383  -74.9604333329  283.64
  767  0.0039640746  -74.9643958927  -74.9604318180  278.17
  768  0.0037645210  -74.9641860675  -74.9604215466  264.16
  769  0.0035259461  -74.9639285878  -74.9604026417  247.42
  770  0.0034064117  -74.9637872219  -74.9603808102  239.04
  771  0.0035451486  -74.9639100154  -74.9603648668  248.77
  772  0.0039638962  -74.9643255654  -74.9603616692  278.16
  773  0.0045319086  -74.9649038464  -74.9603719379  318.01
  774  0.0050262138  -74.9654162793  -74.9603900654  352.70
  775  0.0052514017  -74.9656592895  -74.9604078878  368.50
  776  0.0051410187  -74.9655602716  -74.9604192529  360.76
  777  0.0047810732  -74.9652034112  -74.9604223380  335.50
  778  0.0043527763  -74.9647720380  -74.9604192617  305.44
  779  0.0040372471  -74.9644515064  -74.9604142593  283.30
  780  0.0039336634  -74.9643452014  -74.9604115379  276.03
  781  0.0040243067  -74.9644376402  -74.9604133335  282.39
  782  0.0041960796  -74.9646147481  -74.9604186685  294.45
  783  0.0043073929  -74.9647309026  -74.9604235097  302.26
  784  0.0042714187  -74.9646942357  -74.9604228170  299.73
  785  0.0041149779  -74.9645290462  -74.9604140684  288.76
  786  0.0039746996  -74.9643750903  -74.9604003907  278.91
  787  0.0040171086  -74.9644074485  -74.9603903400  281.89
  788  0.0043180915  -74.9647108095  -74.9603927180  303.01
  789  0.0047842018  -74.9651938076  -74.9604096058  335.72
  790  0.0051887447  -74.9656230476  -74.9604343029  364.11
  791  0.0053081611  -74.9657644809  -74.9604563198  372.49
  792  0.0050578669  -74.9655259014  -74.9604680345  354.92
  793  0.0045341682  -74.9650017899  -74.9604676216  318.17
  794  0.0039505320  -74.9644086448  -74.9604581129  277.22
  795  0.0035237361  -74.9639687378  -74.9604450017  247.27
  796  0.0033753083  -74.9638091198  -74.9604338115  236.85
  797  0.0034875472  -74.9639154145  -74.9604278673  244.73
  798  0.0037253217  -74.9641519309  -74.9604266092  261.41
  799  0.0039139852  -74.9643394460  -74.9604254608  274.65
  800  0.0039418908  -74.9643602035  -74.9604183127  276.61
  801  0.0038359491  -74.9642382641  -74.9604023150  269.18
  802  0.0037564001  -74.9641384340  -74.9603820339  263.59
  803  0.0038921449  -74.9642605537  -74.9603684088  273.12
  804  0.0043109490  -74.9646820967  -74.9603711477  302.51
  805  0.0048780973  -74.9652686870  -74.9603905897  342.31
  806  0.0053235683  -74.9657408768  -74.9604173085  373.57
  807  0.0054133689  -74.9658527235  -74.9604393546  379.87
  808  0.0050928037  -74.9655421552  -74.9604493515  357.37
  809  0.0045084028  -74.9649549319  -74.9604465291  316.36
  810  0.0039180530  -74.9643531244  -74.9604350714  274.94
  811  0.0035608935  -74.9639824967  -74.9604216033  249.88
  812  0.0035540090  -74.9639667817  -74.9604127727  249.39
  813  0.0038502133  -74.9642629637  -74.9604127504  270.18
  814  0.0042664006  -74.9646873570  -74.9604209564  299.38
  815  0.0045751593  -74.9650065825  -74.9604314232  321.05
  816  0.0046282749  -74.9650638861  -74.9604356112  324.78
  817  0.0044522489  -74.9648810053  -74.9604287564  312.42
  818  0.0042445555  -74.9646601941  -74.9604156385  297.85
  819  0.0042419338  -74.9646508782  -74.9604089445  297.67
  820  0.0045342144  -74.9649531523  -74.9604189379  318.18
  821  0.0049735160  -74.9654176023  -74.9604440863  349.00
  822  0.0052678032  -74.9657404507  -74.9604726475  369.65
  823  0.0051829046  -74.9656749584  -74.9604920537  363.70
  824  0.0046905147  -74.9651864052  -74.9604958905  329.14
  825  0.0039723632  -74.9644571376  -74.9604847743  278.75
  826  0.0033109659  -74.9637750643  -74.9604640984  232.34
  827  0.0029506996  -74.9633921714  -74.9604414718  207.06
  828  0.0029955283  -74.9634197809  -74.9604242526  210.20
  829  0.0033729535  -74.9637897703  -74.9604168168  236.69
  830  0.0038727481  -74.9642909043  -74.9604181563  271.76
  831  0.0042523083  -74.9646739539  -74.9604216456  298.39
  832  0.0043691064  -74.9647879088  -74.9604188024  306.59
  833  0.0042699536  -74.9646762320  -74.9604062784  299.63
  834  0.0041647447  -74.9645555039  -74.9603907592  292.25
  835  0.0042734600  -74.9646586747  -74.9603852147  299.88
  836  0.0046449121  -74.9650426452  -74.9603977331  325.94
  837  0.0050991787  -74.9655232572  -74.9604240785  357.82
  838  0.0053513277  -74.9658029605  -74.9604516328  375.51
  839  0.0052109568  -74.9656798498  -74.9604688930  365.66
  840  0.0047013876  -74.9651724612  -74.9604710736  329.91
  841  0.0040358841  -74.9644959457  -74.9604600616  283.21
  842  0.0034976491  -74.9639397206  -74.9604420715  245.44
  843  0.0033051653  -74.9637303457  -74.9604251804  231.93
  844  0.0035202531  -74.9639369842  -74.9604167311  247.02
  845  0.0040244471  -74.9644447776  -74.9604203305  282.40
  846  0.0045725050  -74.9650059101  -74.9604334052  320.86
  847  0.0049113011  -74.9653588279  -74.9604475268  344.64
  848  0.0049176417  -74.9653709295  -74.9604532878  345.08
  849  0.0046767371  -74.9651247158  -74.9604479787  328.18
  850  0.0044297864  -74.9648692054  -74.9604394190  310.85
  851  0.0043996063  -74.9648396831  -74.9604400768  308.73
  852  0.0046170078  -74.9650727249  -74.9604557171  323.99
  853  0.0048938837  -74.9653742932  -74.9604804095  343.41
  854  0.0049656175  -74.9654677048  -74.9605020873  348.45
  855  0.0046787806  -74.9651897942  -74.9605110136  328.32
  856  0.0040856581  -74.9645895203  -74.9605038621  286.70
  857  0.0034069768  -74.9638903379  -74.9604833611  239.08
  858  0.0029142582  -74.9633705543  -74.9604562961  204.50
  859  0.0028045492  -74.9632357465  -74.9604311973  196.80
  860  0.0031168480  -74.9635324473  -74.9604155993  218.72
  861  0.0037144150  -74.9641273489  -74.9604129339  260.65
  862  0.0043440780  -74.9647644172  -74.9604203392  304.83
  863  0.0047576431  -74.9651872086  -74.9604295655  333.85
  864  0.0048429356  -74.9652750935  -74.9604321580  339.84
  865  0.0046871136  -74.9651135229  -74.9604264093  328.91
  866  0.0045135554  -74.9649332965  -74.9604197412  316.73
  867  0.0045170847  -74.9649395863  -74.9604225015  316.97
  868  0.0047173227  -74.9651557556  -74.9604384329  331.03
  869  0.0049496427  -74.9654112170  -74.9604615742  347.33
  870  0.0049957044  -74.9654772181  -74.9604815137  350.56
  871  0.0047409190  -74.9652311840  -74.9604902650  332.68
  872  0.0042473004  -74.9647327739  -74.9604854735  298.04
  873  0.0037150548  -74.9641851937  -74.9604701389  260.69
  874  0.0033773513  -74.9638282125  -74.9604508612  237.00
  875  0.0033896738  -74.9638252179  -74.9604355441  237.86
  876  0.0037583612  -74.9641889721  -74.9604306110  263.73
  877  0.0043331804  -74.9647712920  -74.9604381116  304.07
  878  0.0048715739  -74.9653256874  -74.9604541136  341.85
  879  0.0051545399  -74.9656247717  -74.9604702319  361.71
  880  0.0051012447  -74.9655799994  -74.9604787547  357.97
  881  0.0048127042  -74.9652911009  -74.9604783966  337.72
  882  0.0045026051  -74.9649779987  -74.9604753936  315.96
  883  0.0043505421  -74.9648285000  -74.9604779580  305.29
  884  0.0043819681  -74.9648710206  -74.9604890525  307.49
  885  0.0044644368  -74.9649685851  -74.9605041483  313.28
  886  0.0044161029  -74.9649309974  -74.9605148945  309.89
  887  0.0041391300  -74.9646536267  -74.9605144967  290.45
  888  0.0036877618  -74.9641887740  -74.9605010122  258.78
  889  0.0032407372  -74.9637184700  -74.9604777327  227.41
  890  0.0030082717  -74.9634598961  -74.9604516244  211.10
  891  0.0031276769  -74.9635585101  -74.9604308332  219.48
  892  0.0035933299  -74.9640150841  -74.9604217542  252.15
  893  0.0042495188  -74.9646757825  -74.9604262637  298.20
  894  0.0048541976  -74.9652946089  -74.9604404113  340.63
  895  0.0051908907  -74.9656469528  -74.9604560620  364.26
  896  0.0051766180  -74.9656422057  -74.9604655877  363.25
  897  0.0049032045  -74.9653701322  -74.9604669277  344.07
  898  0.0045769897  -74.9650417869  -74.9604647972  321.18
  899  0.0043871221  -74.9648536077  -74.9604664856  307.85
  900  0.0043894859  -74.9648652064  -74.9604757206  308.02
  901  0.0044865599  -74.9649763301  -74.9604897703  314.83
  902  0.0045125675  -74.9650142153  -74.9605016479  316.66
  903  0.0043572643  -74.9648622031  -74.9605049388  305.76
  904  0.0040425342  -74.9645399921  -74.9604974579  283.67
  905  0.0037104206  -74.9641923925  -74.9604819718  260.37
  906  0.0035423593  -74.9640070311  -74.9604646718  248.58
  907  0.0036612453  -74.9641139470  -74.9604527017  256.92
  908  0.0040640970  -74.9645155796  -74.9604514825  285.19
  909  0.0046134919  -74.9650758470  -74.9604623551  323.74
  910  0.0050929659  -74.9655744577  -74.9604814918  357.38
  911  0.0053055914  -74.9658067722  -74.9605011808  372.31
  912  0.0051719508  -74.9656856014  -74.9605136506  362.93
  913  0.0047747010  -74.9652903721  -74.9605156711  335.05
  914  0.0043152592  -74.9648259225  -74.9605106633  302.81
  915  0.0039972777  -74.9645033031  -74.9605060254  280.50
  916  0.0039063048  -74.9644134214  -74.9605071167  274.11
  917  0.0039690247  -74.9644819079  -74.9605128832  278.52
  918  0.0040230381  -74.9645401062  -74.9605170681  282.31
  919  0.0039432409  -74.9644566802  -74.9605134393  276.71
  920  0.0037305470  -74.9642306304  -74.9605000834  261.78
  921  0.0035085472  -74.9639887015  -74.9604801542  246.20
  922  0.0034446301  -74.9639046901  -74.9604600600  241.72
  923  0.0036510146  -74.9640978623  -74.9604468477  256.20
  924  0.0041169417  -74.9645625436  -74.9604456019  288.89
  925  0.0047006760  -74.9651579286  -74.9604572525  329.86
  926  0.0051850628  -74.9656626238  -74.9604775610  363.85
  927  0.0053755638  -74.9658738733  -74.9604983094  377.22
  928  0.0051990394  -74.9657100837  -74.9605110443  364.83
  929  0.0047515985  -74.9652635814  -74.9605119829  333.43
  930  0.0042570540  -74.9647618562  -74.9605048022  298.73
  931  0.0039438352  -74.9644420094  -74.9604981741  276.75
  932  0.0039102819  -74.9644091567  -74.9604988748  274.39
  933  0.0040736290  -74.9645800289  -74.9605063999  285.86
  934  0.0042443791  -74.9647585864  -74.9605142073  297.84
  935  0.0042673887  -74.9647830004  -74.9605156117  299.45
  936  0.0041221390  -74.9646304847  -74.9605083457  289.26
  937  0.0039222382  -74.9644173450  -74.9604951068  275.23
  938  0.0038345413  -74.9643161910  -74.9604816497  269.08
  939  0.0039778882  -74.9644522503  -74.9604743621  279.14
  940  0.0043532339  -74.9648311473  -74.9604779134  305.48
  941  0.0048320042  -74.9653251119  -74.9604931077  339.07
  942  0.0052067835  -74.9657224037  -74.9605156202  365.37
  943  0.0052873184  -74.9658241810  -74.9605368626  371.02
  944  0.0050033316  -74.9655511346  -74.9605478030  351.09
  945  0.0044594136  -74.9650039215  -74.9605445079  312.93
  946  0.0038950059  -74.9644264347  -74.9605314288  273.32
  947  0.0035532757  -74.9640717403  -74.9605184646  249.34
  948  0.0035366160  -74.9640497689  -74.9605131529  248.17
  949  0.0037546158  -74.9642697912  -74.9605151754  263.47
  950  0.0040054931  -74.9645237292  -74.9605182360  281.07
  951  0.0041228974  -74.9646390919  -74.9605161945  289.31
  952  0.0040757249  -74.9645829581  -74.9605072332  286.00
  953  0.0039651421  -74.9644592202  -74.9604940781  278.24
  954  0.0039439861  -74.9644260833  -74.9604820972  276.76
  955  0.0041187278  -74.9645957555  -74.9604770277  289.02
  956  0.0044836657  -74.9649664292  -74.9604827636  314.63
  957  0.0049124710  -74.9654117943  -74.9604993234  344.72
  958  0.0052102999  -74.9657320387  -74.9605217388  365.62
  959  0.0052090431  -74.9657502101  -74.9605411670  365.53
  960  0.0048662429  -74.9654152496  -74.9605490068  341.48
  961  0.0043114975  -74.9648540226  -74.9605425251  302.55
  962  0.0037946027  -74.9643222163  -74.9605276135  266.28
  963  0.0035462833  -74.9640611695  -74.9605148862  248.85
  964  0.0036383169  -74.9641497521  -74.9605114353  255.31
  965  0.0039487229  -74.9644647945  -74.9605160716  277.09
  966  0.0042595413  -74.9647817481  -74.9605222068  298.90
  967  0.0044052907  -74.9649292630  -74.9605239724  309.13
  968  0.0043620009  -74.9648816786  -74.9605196777  306.09
  969  0.0042342344  -74.9647458982  -74.9605116638  297.13
  970  0.0041729036  -74.9646774881  -74.9605045845  292.82
  971  0.0042817868  -74.9647852397  -74.9605034529  300.46
  972  0.0045567980  -74.9650683936  -74.9605115955  319.76
  973  0.0048799376  -74.9654085797  -74.9605286421  342.44
  974  0.0050710711  -74.9656205321  -74.9605494610  355.85
  975  0.0049808146  -74.9655462713  -74.9605654567  349.51
  976  0.0045844355  -74.9651532744  -74.9605688389  321.70
  977  0.0040205100  -74.9645784609  -74.9605579509  282.13
  978  0.0035332535  -74.9640725242  -74.9605392708  247.94
  979  0.0033369737  -74.9638601217  -74.9605231480  234.16
  980  0.0034889123  -74.9640052344  -74.9605163220  244.82
  981  0.0038636284  -74.9643817102  -74.9605180818  271.12
  982  0.0042463992  -74.9647692479  -74.9605228487  297.98
  983  0.0044695060  -74.9649948098  -74.9605253039  313.64
  984  0.0044952073  -74.9650186516  -74.9605234443  315.44
  985  0.0044078949  -74.9649266465  -74.9605187516  309.31
  986  0.0043421271  -74.9648570141  -74.9605148870  304.70
  987  0.0043970917  -74.9649130322  -74.9605159405  308.55
  988  0.0045789872  -74.9651034790  -74.9605244917  321.32
  989  0.0047937618  -74.9653335548  -74.9605397930  336.39
  990  0.0048938077  -74.9654507990  -74.9605569913  343.41
  991  0.0047615773  -74.9653301815  -74.9605686042  334.13
  992  0.0043907074  -74.9649592088  -74.9605685014  308.11
  993  0.0039131930  -74.9644695377  -74.9605563447  274.60
  994  0.0035408958  -74.9640795035  -74.9605386077  248.47
  995  0.0034459858  -74.9639703190  -74.9605243332  241.81
  996  0.0036586598  -74.9641776898  -74.9605190300  256.74
  997  0.0040554437  -74.9645775376  -74.9605220939  284.58
  998  0.0044425699  -74.9649715833  -74.9605290134  311.75
  999  0.0046687216  -74.9652038347  -74.9605351131  327.61
 1000  0.0046937737  -74.9652317141  -74.9605379404  329.37
